20992563552976896
20992522788536320
20992211093032961
20991986584526848
20991864874209280
20991784804941825
20991657105166336
20991590868713472
20991424157712384
20991073643925504
20991072490491904
20991058842222592
20991008137289728
20991000025501696
20990966525599745
20990842894286848
20990742646231040
20990596197908480
20990455479013376
20990405482913792
20990381231439872
20990153170354176
20990119246831617
20990105405624321
20990081045106688
20989992369135616
20989982650933248
20989938682036224
20989834713628672
20989665087590401
20989582979895296
20989492877856768
20989436460273664
20989346182070272
20989335469817856
20989305396658177
20989274472058880
20989208013307904
20988770803257344
20988658744033281
20988533464367105
20988426757083136
20988394045706241
20988392158269441
20988332938887169
20988085403656192
20988019259478016
20987667164438528
20987457805754368
20987380248879105
20987378868953088
20987307356061697
20987165869608960
20986949711953920
20986909266280448
20986898738585600
20986888420589568
20986860318752768
20986787216228354
20986768115376128
20986664046305280
20986432361332736
20986353231601664
20986297522847744
20986289310400512
20986228211978240
20986149619105792
20985976411131904
20985903342166017
20985860899995648
20985601717178368
20985582855389184
20985539410796544
20985472251600896
20985411895562240
20985190138511360
20985087113826304
20985040364113921
20984934101426176
20984902010802176
20984847203827713
20984832267919360
20984795462901760
20984589153472512
20984575660396544
20984549802516480
20984549034954753
20984200773509120
20984193072762881
20984181454544896
20984157890936833
20984134146981888
20984084826169344
20983684605677568
20983670152105984
20983668315004928
20983602380541952
20983201421860864
20982939328188416
20982933334528000
