20973215929081856
20971244044165120
20970382177599488
20968507294355456
20956007526047744
20953798956552193
20947428958011392
20942980068151296
20942253153325056
20940609707577344
20939220944166912
20937422212698112
20930269083078656
20928273575845889
20928189811400704
20928174829338625
20928085914288128
20927488792207360
20927377718640640
20926727031095297
20926686182772736
20922918347218946
20922727137284096
20921321022029824
20920215130873856
20915630148427776
20914774162276352
20911980978118658
20911223423901697
20904585484832768
20904452869328896
20904417507151872
20900472453861376
20899662403739648
20899390709301248
20898986911072256
20893593514287104
20892944072441856
20889266468945921
20889248613797889
20886402610765824
20886209853132800
20881536031137792
20881099139842048
20876790322954240
20875928959721472
20874393475358721
20873442949599232
20873245892804609
20873245196554241
20869125874126848
20865505422217216
20864257830690816
20859811159605248
20859735238508544
20855987900518402
20855317176778752
20841894619648000
20835614295326723
20835612684718081
20835610642087936
20835608238755840
20835606246461441
20835605252415489
20835600961642496
20835599183249408
20835598310838272
20835595681009664
20834258440421376
20834186986266624
20833003764711425
20830036009426944
20821849747230720
20820478717333504
20813448589873152
20812432796557312
20809222941839360
20808638683680768
20807104243695616
20797181984251905
20795489385447424
20793396083826688
20792729566973952
20790635644583937
20784737417175040
20784441844568064
20784440603049984
20784439348953088
20784436509409280
20784312429314048
20784310848069632
20784306951561216
20784305357725697
20782595755216896
20781770429431808
20781768885932032
20781766222553088
20781634521399296
20781633225363457
20781631576997888
