20989914103422976
20989913952428032
20989857220263936
20988433115648000
20987301328850945
20986642974113792
20985960644743168
20984961326649344
20982964695339008
20982094385647616
20980599447617536
20979650117246976
20979372580151296
20978745540083712
20976241884528641
20976241439940609
20975328356728832
20973980202573824
20973980009631744
20973969989435392
20973527679115264
20973324687384576
20972498518544386
20970829550460928
20969248692117504
20968984627122176
20968894227288064
20968883410173952
20967980393308160
20966324712767489
20962010204217344
20959689550340096
20959617139875840
20959020487548928
20957223991648256
20956738190577665
20955120464297984
20955113220743168
20954769682079744
20952983109898240
20952694311100416
20952478228942848
20951865508233216
20949575418257408
20948430037716993
20947827391729664
20945267285037056
20943151397076992
20941905374220288
20941904342417408
20941900060037121
20941682384052225
20940025642360832
20938417600733184
20935316420435968
20935038757507072
20933622936633346
20933050690969600
20932831324667904
20932375974256640
20931970502496256
20930928935174144
20930640543223808
20930381595287552
20930142498979840
20928171566178304
20926672811327488
20926452354523136
20926364190253057
20925704212316160
20925054938255360
20924927372697600
20924606743314432
20924560505311232
20923657140305920
20923644251209730
20922732329832448
20921535300640768
20920949935177728
20920217567760384
20918797825212416
20918793911934976
20918469839032320
20917882678415360
20916912770777089
20916288280858626
20915919760920576
20915796507107328
20915232863944705
20915121781997568
20915007575302145
20914235630424065
20913657143623681
20910812126253056
20910765292650496
20909823419752450
20907451352096768
20906261520322560
20905245294985216
20905180669153280
